tripleArrow:0.0:0.10180664:0.11376953:0.20361328
throbber3:0.0:0.0:0.03125:0.03125
throbber2:0.0:0.03125:0.03125:0.0625
throbber1:0.03125:0.0:0.0625:0.03125
